   3.1277726e+02   8.1379060e+01   4.0322581e-03
   3.2290182e+02   8.1954424e+01   0.0000000e+00
   3.2480343e+02   8.0551332e+01   4.0322581e-03
   3.3204830e+02   8.1769717e+01   0.0000000e+00
   3.3922303e+02   5.8302382e+01   0.0000000e+00
   3.4298162e+02   8.0324017e+01   0.0000000e+00
   3.4456075e+02   8.0257207e+01   0.0000000e+00
   3.4639249e+02   5.6990147e+01   0.0000000e+00
   3.5769942e+02   7.9633381e+01   0.0000000e+00
   3.6593060e+02   5.9324515e+01   0.0000000e+00
   3.6792845e+02   8.0994455e+01   0.0000000e+00
   3.7961749e+02   8.2581078e+01   4.0322581e-03
   3.8072812e+02   5.9363301e+01   4.0322581e-03
   3.8125623e+02   5.6781975e+01   0.0000000e+00
   3.8153801e+02   8.1071377e+01   4.0322581e-03
   3.8582179e+02   5.7377715e+01   0.0000000e+00
   3.8975970e+02   8.0052926e+01   0.0000000e+00
   3.9298106e+02   8.0149753e+01   0.0000000e+00
   3.9340448e+02   5.7565042e+01   4.0322581e-03
   3.9413946e+02   8.0838428e+01   0.0000000e+00
   3.9947592e+02   5.6616331e+01   0.0000000e+00
   4.0154649e+02   8.1719667e+01   4.0322581e-03
   4.0306784e+02   8.2925478e+01   4.0322581e-03
   4.0834846e+02   6.2306783e+01   0.0000000e+00
   4.1203356e+02   5.9776578e+01   4.0322581e-03
   4.1640572e+02   8.1558127e+01   4.0322581e-03
   4.1909096e+02   8.2882360e+01   4.0322581e-03
   4.2052106e+02   6.2087611e+01   0.0000000e+00
   4.2106140e+02   5.5634116e+01   0.0000000e+00
   4.3055922e+02   7.9102728e+01   4.0322581e-03
   4.3154407e+02   5.5579284e+01   0.0000000e+00
   4.3254327e+02   8.1298912e+01   0.0000000e+00
   4.3545745e+02   5.6584783e+01   0.0000000e+00
   4.3785239e+02   8.1583461e+01   0.0000000e+00
   4.4071851e+02   8.1816715e+01   0.0000000e+00
   4.4522190e+02   5.9204744e+01   4.0322581e-03
   4.4588012e+02   5.9652298e+01   0.0000000e+00
   4.4616934e+02   5.5835185e+01   0.0000000e+00
   4.4896986e+02   5.9324410e+01   0.0000000e+00
   4.4997522e+02   8.1907482e+01   4.0322581e-03
   4.5053758e+02   5.9839362e+01   4.0322581e-03
   4.5337830e+02   5.6968182e+01   0.0000000e+00
   4.5389635e+02   5.8884670e+01   0.0000000e+00
   4.5445940e+02   5.6952531e+01   4.0322581e-03
   4.5672285e+02   7.9274863e+01   4.0322581e-03
   4.5968133e+02   5.8734486e+01   0.0000000e+00
   4.5998345e+02   5.6460678e+01   4.0322581e-03
   4.6085185e+02   5.7428910e+01   0.0000000e+00
   4.6110583e+02   8.2919502e+01   0.0000000e+00
   4.6861705e+02   8.3838105e+01   4.0322581e-03
   4.6955400e+02   6.2567392e+01   0.0000000e+00
   4.7790828e+02   8.4812663e+01   4.0322581e-03
   4.7904682e+02   8.1478172e+01   4.0322581e-03
   4.7976469e+02   5.6618071e+01   4.0322581e-03
   4.8005219e+02   8.0525780e+01   4.0322581e-03
   4.8118618e+02   5.9782916e+01   4.0322581e-03
   4.8623915e+02   6.2199380e+01   0.0000000e+00
   4.8713743e+02   8.0520821e+01   4.0322581e-03
   4.8770943e+02   8.1134560e+01   0.0000000e+00
   4.8966010e+02   5.6728409e+01   0.0000000e+00
   4.9289934e+02   8.1785458e+01   4.0322581e-03
   4.9540080e+02   8.2344449e+01   4.0322581e-03
   5.0037722e+02   7.9579097e+01   0.0000000e+00
   5.0363281e+02   8.2067883e+01   4.0322581e-03
   5.0399552e+02   9.0348361e+01   0.0000000e+00
   5.0490383e+02   8.4253700e+01   0.0000000e+00
   5.0544512e+02   8.0137704e+01   4.0322581e-03
   5.0706297e+02   5.9397754e+01   4.0322581e-03
   5.0869659e+02   5.7625667e+01   0.0000000e+00
   5.0973678e+02   5.9228978e+01   0.0000000e+00
   5.1042225e+02   8.1841549e+01   4.0322581e-03
   5.1138907e+02   5.5507818e+01   4.0322581e-03
   5.1433074e+02   8.1074785e+01   0.0000000e+00
   5.1856732e+02   5.7684025e+01   4.0322581e-03
   5.1938885e+02   8.4779650e+01   0.0000000e+00
   5.1938885e+02   8.1578588e+01   4.0322581e-03
   5.3259807e+02   8.1273773e+01   4.0322581e-03
   5.3286984e+02   8.2785094e+01   0.0000000e+00
   5.4046572e+02   8.1504543e+01   0.0000000e+00
   5.4104897e+02   5.7466832e+01   0.0000000e+00
   5.4425173e+02   5.6505705e+01   0.0000000e+00
   5.4912682e+02   8.1853311e+01   0.0000000e+00
   5.4967672e+02   6.1137047e+01   4.0322581e-03
   5.5052808e+02   5.9430598e+01   4.0322581e-03
   5.5088413e+02   8.2666830e+01   4.0322581e-03
   5.5232911e+02   8.2926244e+01   4.0322581e-03
   5.5317233e+02   8.1880909e+01   4.0322581e-03
   5.5758471e+02   5.6227209e+01   0.0000000e+00
   5.6199816e+02   6.3998048e+01   4.0322581e-03
   5.6251348e+02   8.0176260e+01   0.0000000e+00
   5.6797153e+02   8.4346394e+01   4.0322581e-03
   5.7447507e+02   8.1695272e+01   4.0322581e-03
   5.7478130e+02   7.0432568e+01   0.0000000e+00
   5.7518659e+02   5.5324760e+01   4.0322581e-03
   5.7926814e+02   8.0444362e+01   4.0322581e-03
   5.7995202e+02   9.0458323e+01   4.0322581e-03
   5.8186798e+02   6.2257486e+01   4.0322581e-03
   5.8376604e+02   8.1043469e+01   4.0322581e-03
   5.8468889e+02   8.1373503e+01   4.0322581e-03
   5.8903008e+02   5.8414635e+01   4.0322581e-03
   5.9187620e+02   5.9834253e+01   4.0322581e-03
   5.9441420e+02   8.9794974e+01   4.0322581e-03
   5.9638944e+02   5.5641186e+01   0.0000000e+00
   5.9759345e+02   8.2511472e+01   4.0322581e-03
   6.0037570e+02   8.1155945e+01   0.0000000e+00
   6.1239452e+02   5.6708270e+01   0.0000000e+00
   6.1389613e+02   5.8860711e+01   4.0322581e-03
   6.1979376e+02   8.1240637e+01   4.0322581e-03
   6.2246312e+02   5.7228220e+01   4.0322581e-03
   6.2913068e+02   9.0233516e+01   4.0322581e-03
   6.3265635e+02   5.8802073e+01   4.0322581e-03
   6.3469411e+02   5.9850655e+01   0.0000000e+00
   6.3469411e+02   8.1328604e+01   4.0322581e-03
   6.4408373e+02   8.6904116e+01   4.0322581e-03
   6.4672525e+02   5.7548619e+01   4.0322581e-03
   6.5216240e+02   8.1874023e+01   0.0000000e+00
   6.5292823e+02   8.1633460e+01   4.0322581e-03
   6.6141913e+02   8.0133240e+01   4.0322581e-03
   6.6499509e+02   6.0113991e+01   4.0322581e-03
   6.6722979e+02   8.1397661e+01   0.0000000e+00
   6.6923102e+02   5.8937703e+01   4.0322581e-03
   6.6961020e+02   5.8918704e+01   4.0322581e-03
   6.7123738e+02   8.0174615e+01   0.0000000e+00
   6.7628220e+02   9.0366318e+01   4.0322581e-03
   6.7831375e+02   8.1177793e+01   0.0000000e+00
   6.8350026e+02   5.5337240e+01   4.0322581e-03
   6.9083846e+02   5.7924117e+01   4.0322581e-03
   6.9139855e+02   7.9359326e+01   0.0000000e+00
   6.9336038e+02   8.9708041e+01   4.0322581e-03
   7.0789639e+02   9.0930436e+01   4.0322581e-03
   7.1881954e+02   5.9460226e+01   4.0322581e-03
   7.1918079e+02   5.5221461e+01   4.0322581e-03
   7.2846886e+02   5.6742755e+01   4.0322581e-03
   7.3566539e+02   9.0844022e+01   4.0322581e-03
   7.4194230e+02   6.4116743e+01   4.0322581e-03
   7.4287865e+02   8.0477555e+01   4.0322581e-03
   7.4775461e+02   5.7536034e+01   4.0322581e-03
   7.5047342e+02   9.0941898e+01   0.0000000e+00
   7.6464194e+02   8.0559737e+01   4.0322581e-03
   7.6464194e+02   8.9561026e+01   0.0000000e+00
   7.7343776e+02   9.0704053e+01   0.0000000e+00
   7.7439704e+02   5.9925338e+01   4.0322581e-03
   7.7558185e+02   8.0088762e+01   4.0322581e-03
   7.8260185e+02   9.0191866e+01   0.0000000e+00
   7.8488474e+02   8.9014916e+01   0.0000000e+00
   7.8700926e+02   6.2664900e+01   0.0000000e+00
   7.8770743e+02   9.1266655e+01   0.0000000e+00
   7.9127636e+02   5.8310576e+01   4.0322581e-03
   8.0386986e+02   5.9029637e+01   4.0322581e-03
   8.1958775e+02   2.2752746e+01   0.0000000e+00
   8.2642496e+02   8.9643213e+01   4.0322581e-03
   8.2945452e+02   6.8689626e+01   4.0322581e-03
   8.3037896e+02   9.0066353e+01   4.0322581e-03
   8.4549284e+02   9.5157804e+01   4.0322581e-03
   8.4580759e+02   7.0541436e+01   0.0000000e+00
   8.5384053e+02   5.8452501e+01   0.0000000e+00
   8.5753961e+02   6.3967914e+01   4.0322581e-03
   8.6939218e+02   8.1236915e+01   0.0000000e+00
   8.7276267e+02   5.6684055e+01   0.0000000e+00
   8.7450100e+02   9.0144611e+01   4.0322581e-03
   8.8070266e+02   5.5560935e+01   0.0000000e+00
   8.8470740e+02   8.9830089e+01   0.0000000e+00
   8.8656379e+02   5.7075841e+01   0.0000000e+00
   9.0008835e+02   8.1811553e+01   4.0322581e-03
   9.0090052e+02   8.1594965e+01   0.0000000e+00
   9.2648559e+02   8.9925672e+01   0.0000000e+00
   9.3085220e+02   8.9596545e+01   4.0322581e-03
   9.3993960e+02   9.6719082e+01   4.0322581e-03
   9.4910996e+02   8.0522793e+01   0.0000000e+00
   9.5047721e+02   9.0195922e+01   0.0000000e+00
   9.5443580e+02   8.9527785e+01   0.0000000e+00
   9.5998260e+02   8.9641582e+01   4.0322581e-03
   9.6412955e+02   8.2891857e+01   0.0000000e+00
   9.7053488e+02   9.0435794e+01   0.0000000e+00
   9.7466237e+02   5.5999841e+01   4.0322581e-03
   9.8666618e+02   8.2222842e+01   0.0000000e+00
   1.0023702e+03   8.9410432e+01   0.0000000e+00
   1.0043006e+03   8.6867441e+01   4.0322581e-03
   1.0063734e+03   8.2940232e+01   0.0000000e+00
   1.0267286e+03   6.0134731e+01   4.0322581e-03
   1.0355851e+03   2.2874676e+01   0.0000000e+00
   1.0468237e+03   2.2943426e+01   0.0000000e+00
   1.0474538e+03   9.2720503e+01   4.0322581e-03
   1.0493887e+03   9.0302260e+01   4.0322581e-03
   1.0584642e+03   9.2143964e+01   4.0322581e-03
   1.0632047e+03   2.1324093e+01   0.0000000e+00
   1.0645740e+03   8.1284137e+01   4.0322581e-03
   1.0687126e+03   8.0203777e+01   4.0322581e-03
   1.0764770e+03   8.2493872e+01   0.0000000e+00
   1.0778032e+03   2.7806035e+01   0.0000000e+00
   1.1051486e+03   2.2964582e+01   0.0000000e+00
   1.1102777e+03   8.1592599e+01   0.0000000e+00
   1.1147549e+03   2.2682252e+01   0.0000000e+00
   1.1218266e+03   5.6360160e+01   4.0322581e-03
   1.1299182e+03   7.9958274e+01   4.0322581e-03
   1.1550191e+03   9.1992710e+01   0.0000000e+00
   1.1560540e+03   2.2503793e+01   0.0000000e+00
   1.1576361e+03   5.5608067e+01   4.0322581e-03
   1.1585347e+03   6.9142203e+01   0.0000000e+00
   1.1623333e+03   9.0312772e+01   0.0000000e+00
   1.1682640e+03   9.0890197e+01   4.0322581e-03
   1.1710384e+03   2.9823452e+01   0.0000000e+00
   1.1710384e+03   9.5792826e+01   0.0000000e+00
   1.1796811e+03   2.2562732e+01   0.0000000e+00
   1.1802099e+03   2.2739980e+01   0.0000000e+00
   1.1816129e+03   8.9726403e+01   4.0322581e-03
   1.1832490e+03   2.2693300e+01   4.0322581e-03
   1.1854052e+03   2.1334851e+01   0.0000000e+00
   1.1983980e+03   9.0913391e+01   0.0000000e+00
   1.2011685e+03   8.4533940e+01   0.0000000e+00
   1.2035507e+03   8.0263747e+01   4.0322581e-03
   1.2174921e+03   9.0727122e+01   4.0322581e-03
   1.2197603e+03   8.9638666e+01   4.0322581e-03
   1.2386432e+03   8.6432707e+01   0.0000000e+00
   1.2528877e+03   4.1209799e+01   4.0322581e-03
   1.2538048e+03   9.0088138e+01   0.0000000e+00
   1.2574282e+03   2.2784915e+01   4.0322581e-03
   1.2632151e+03   2.9065679e+01   4.0322581e-03
   1.2741257e+03   8.1569834e+01   0.0000000e+00
   1.2815347e+03   2.2724178e+01   0.0000000e+00
   1.2822469e+03   8.8994050e+01   4.0322581e-03
   1.2857668e+03   2.2809803e+01   0.0000000e+00
   1.2999337e+03   8.2253248e+01   0.0000000e+00
   1.3201969e+03   8.6086699e+01   0.0000000e+00
   1.3237606e+03   2.2934361e+01   4.0322581e-03
   1.3237606e+03   8.9676582e+01   0.0000000e+00
   1.3303820e+03   8.1637052e+01   0.0000000e+00
   1.3316023e+03   2.1578156e+01   4.0322581e-03
   1.3522213e+03   2.2447448e+01   4.0322581e-03
   1.3715580e+03   8.9600698e+01   0.0000000e+00
   1.3756414e+03   2.2920509e+01   0.0000000e+00
   1.3840779e+03   2.7399337e+01   0.0000000e+00
   1.3875620e+03   4.1404765e+01   4.0322581e-03
   1.3890804e+03   9.2783236e+01   4.0322581e-03
   1.3908505e+03   2.3037743e+01   4.0322581e-03
   1.3949607e+03   2.2448286e+01   4.0322581e-03
   1.3957964e+03   2.2800580e+01   4.0322581e-03
   1.4059805e+03   1.1436004e+02   0.0000000e+00
   1.4088167e+03   1.1362983e+02   4.0322581e-03
   1.4212441e+03   8.1368595e+01   4.0322581e-03
   1.4229087e+03   2.7074751e+01   4.0322581e-03
   1.4240235e+03   8.9771450e+01   4.0322581e-03
   1.4255819e+03   2.1464733e+01   0.0000000e+00
   1.4328999e+03   1.1432620e+02   0.0000000e+00
   1.4406757e+03   1.1434193e+02   0.0000000e+00
   1.4448541e+03   2.2192354e+01   0.0000000e+00
   1.4472154e+03   4.1360463e+01   4.0322581e-03
   1.4551878e+03   1.1383689e+02   4.0322581e-03
   1.4642793e+03   2.2745683e+01   4.0322581e-03
   1.4778544e+03   8.4339224e+01   0.0000000e+00
   1.4840208e+03   2.1167745e+01   0.0000000e+00
   1.4874953e+03   7.9774608e+01   0.0000000e+00
   1.4897564e+03   2.1595345e+01   4.0322581e-03
   1.4931449e+03   2.2216189e+01   4.0322581e-03
   1.4976685e+03   5.5240181e+01   4.0322581e-03
   1.5079798e+03   8.3560946e+01   0.0000000e+00
   1.5110369e+03   2.2392577e+01   4.0322581e-03
   1.5185586e+03   2.2490226e+01   4.0322581e-03
   1.5261817e+03   4.1579859e+01   4.0322581e-03
   1.5413118e+03   6.2431515e+01   0.0000000e+00
   1.5420939e+03   8.6437442e+01   4.0322581e-03
   1.5468917e+03   4.1098027e+01   4.0322581e-03
   1.5551491e+03   9.0458337e+01   4.0322581e-03
   1.5565812e+03   2.1380631e+01   0.0000000e+00
   1.5586770e+03   1.1405115e+02   4.0322581e-03
   1.5723065e+03   1.1529157e+02   4.0322581e-03
   1.5860046e+03   2.2440997e+01   0.0000000e+00
   1.5981706e+03   8.9596958e+01   4.0322581e-03
   1.6169100e+03   8.9886467e+01   0.0000000e+00
   1.6313879e+03   2.2166812e+01   4.0322581e-03
   1.6502917e+03   6.1462266e+01   4.0322581e-03
   1.6575466e+03   4.1024976e+01   4.0322581e-03
   1.6663705e+03   2.2986865e+01   0.0000000e+00
   1.6738310e+03   2.2835185e+01   4.0322581e-03
   1.6753326e+03   1.1418061e+02   4.0322581e-03
   1.6795028e+03   2.8146718e+01   0.0000000e+00
   1.6892390e+03   1.1485845e+02   0.0000000e+00
   1.6910047e+03   9.0744511e+01   0.0000000e+00
   1.6939260e+03   1.1422482e+02   0.0000000e+00
   1.7104761e+03   2.3338614e+01   0.0000000e+00
   1.7150552e+03   1.1435391e+02   4.0322581e-03
   1.7193651e+03   4.0942928e+01   0.0000000e+00
   1.7257414e+03   8.2257294e+01   0.0000000e+00
   1.7383899e+03   5.5860062e+01   0.0000000e+00
   1.7399497e+03   2.2218295e+01   0.0000000e+00
   1.7436180e+03   5.9875595e+01   4.0322581e-03
   1.7460371e+03   2.1919588e+01   4.0322581e-03
   1.7492387e+03   8.9957235e+01   0.0000000e+00
   1.7497600e+03   2.2180462e+01   4.0322581e-03
   1.7515037e+03   1.1549728e+02   0.0000000e+00
   1.7574983e+03   8.8993135e+01   4.0322581e-03
   1.7693013e+03   2.2612512e+01   4.0322581e-03
   1.7731282e+03   2.1521692e+01   0.0000000e+00
   1.7791302e+03   2.1159425e+01   0.0000000e+00
   1.7891660e+03   2.1365303e+01   0.0000000e+00
   1.7999696e+03   2.2202617e+01   4.0322581e-03
   1.8076222e+03   2.2687009e+01   0.0000000e+00
   1.8225148e+03   2.2666050e+01   4.0322581e-03
   1.8304753e+03   4.1098804e+01   4.0322581e-03
   1.8359460e+03   4.1469270e+01   4.0322581e-03
   1.8419900e+03   7.2707617e+01   4.0322581e-03
   1.8503438e+03   8.2170342e+01   0.0000000e+00
   1.8593785e+03   1.1410769e+02   4.0322581e-03
   1.8814744e+03   2.2308543e+01   0.0000000e+00
   1.8886875e+03   2.1971346e+01   4.0322581e-03
   1.9193528e+03   4.1174529e+01   4.0322581e-03
   1.9218809e+03   1.1784170e+02   0.0000000e+00
   1.9517769e+03   8.1490811e+01   0.0000000e+00
   1.9578684e+03   5.6422405e+01   0.0000000e+00
   1.9610297e+03   2.2350814e+01   0.0000000e+00
   1.9738295e+03   2.2301214e+01   4.0322581e-03
   1.9754609e+03   8.1382915e+01   0.0000000e+00
   1.9875889e+03   4.0073618e+01   0.0000000e+00
   1.9969338e+03   2.2559528e+01   0.0000000e+00
   1.9983818e+03   5.5717804e+01   0.0000000e+00
   2.0108084e+03   2.0944103e+01   4.0322581e-03
   2.0257114e+03   4.1771907e+01   4.0322581e-03
   2.0266442e+03   4.0859014e+01   4.0322581e-03
   2.0430984e+03   2.2788517e+01   4.0322581e-03
   2.0504472e+03   4.1825136e+01   4.0322581e-03
   2.0685716e+03   2.1328512e+01   4.0322581e-03
   2.0704192e+03   2.0866840e+01   0.0000000e+00
   2.0791051e+03   2.2204515e+01   4.0322581e-03
   2.0875037e+03   7.9972566e+01   4.0322581e-03
   2.0893953e+03   8.0532222e+01   4.0322581e-03
   2.0973892e+03   1.1716162e+02   0.0000000e+00
   2.1071336e+03   4.1739773e+01   0.0000000e+00
   2.1120525e+03   2.2283785e+01   4.0322581e-03
   2.1124965e+03   4.1652047e+01   0.0000000e+00
   2.1163832e+03   4.0838720e+01   0.0000000e+00
   2.1235347e+03   2.2602593e+01   4.0322581e-03
   2.1290891e+03   4.1003403e+01   0.0000000e+00
   2.1434930e+03   2.1925461e+01   4.0322581e-03
   2.1466535e+03   2.2959840e+01   0.0000000e+00
   2.1487194e+03   2.2496389e+01   0.0000000e+00
   2.1487194e+03   4.1768595e+01   0.0000000e+00
   2.1838761e+03   2.2764128e+01   0.0000000e+00
   2.1895497e+03   2.1905074e+01   4.0322581e-03
   2.1902373e+03   5.9386206e+01   4.0322581e-03
   2.1954008e+03   8.1649502e+01   0.0000000e+00
   2.1998178e+03   3.0132293e+01   0.0000000e+00
   2.2047360e+03   2.1735910e+01   4.0322581e-03
   2.2052182e+03   2.2924612e+01   0.0000000e+00
   2.2110700e+03   4.0840178e+01   0.0000000e+00
   2.2326358e+03   4.1167969e+01   0.0000000e+00
   2.2326358e+03   4.0764529e+01   4.0322581e-03
   2.2339349e+03   2.1947554e+01   0.0000000e+00
   2.2356616e+03   1.1408672e+02   0.0000000e+00
   2.2378448e+03   1.1413187e+02   4.0322581e-03
   2.2450811e+03   8.1909610e+01   0.0000000e+00
   2.2464955e+03   1.1758128e+02   4.0322581e-03
   2.2546199e+03   1.2103341e+02   0.0000000e+00
   2.2667127e+03   1.1533866e+02   4.0322581e-03
   2.2699705e+03   2.2260168e+01   0.0000000e+00
   2.2757224e+03   8.0365815e+01   0.0000000e+00
   2.2805318e+03   2.2315764e+01   0.0000000e+00
   2.2886025e+03   4.1708031e+01   4.0322581e-03
   2.2988549e+03   5.4694770e+01   4.0322581e-03
   2.2988549e+03   1.2142318e+02   4.0322581e-03
   2.3167922e+03   5.5398315e+01   4.0322581e-03
   2.3167922e+03   1.1405367e+02   0.0000000e+00
   2.3190802e+03   1.1647022e+02   4.0322581e-03
   2.3311491e+03   2.1099999e+01   4.0322581e-03
   2.3332124e+03   5.4076456e+01   0.0000000e+00
   2.3560961e+03   2.2807358e+01   0.0000000e+00
   2.3693035e+03   2.2466310e+01   4.0322581e-03
   2.3724442e+03   9.6861905e+01   0.0000000e+00
   2.4017291e+03   4.1856276e+01   0.0000000e+00
   2.4026589e+03   8.4692751e+01   4.0322581e-03
   2.4037374e+03   2.1011892e+01   0.0000000e+00
   2.4151486e+03   2.1571595e+01   0.0000000e+00
   2.4165748e+03   8.2114159e+01   4.0322581e-03
   2.4386356e+03   2.1983029e+01   4.0322581e-03
   2.4426782e+03   2.1754459e+01   0.0000000e+00
   2.4675834e+03   9.6783987e+01   0.0000000e+00
   2.4681016e+03   2.2196954e+01   4.0322581e-03
   2.4876438e+03   8.9725776e+01   4.0322581e-03
   2.4975692e+03   4.1430840e+01   4.0322581e-03
   2.5037038e+03   5.6532779e+01   4.0322581e-03
   2.5056611e+03   2.1955445e+01   0.0000000e+00
   2.5537778e+03   8.9782231e+01   0.0000000e+00
   2.5555329e+03   8.3097606e+01   0.0000000e+00
   2.5966871e+03   2.2209353e+01   4.0322581e-03
   2.5966871e+03   9.7282953e+01   4.0322581e-03
   2.6489450e+03   8.2876842e+01   0.0000000e+00
   2.6588910e+03   6.2477117e+01   0.0000000e+00
   2.6685441e+03   4.1527127e+01   0.0000000e+00
   2.6731170e+03   2.2452922e+01   4.0322581e-03
   2.6894566e+03   2.0908613e+01   4.0322581e-03
   2.6934758e+03   5.4089378e+01   4.0322581e-03
   2.6942996e+03   4.0230397e+01   0.0000000e+00
   2.7034853e+03   1.1369857e+02   0.0000000e+00
   2.7112610e+03   4.0939773e+01   4.0322581e-03
   2.7368453e+03   1.1323746e+02   4.0322581e-03
   2.7495020e+03   2.1771497e+01   4.0322581e-03
   2.7694581e+03   4.0895436e+01   0.0000000e+00
   2.8929378e+03   5.9580748e+01   4.0322581e-03
   2.9029137e+03   2.2988156e+01   4.0322581e-03
   2.9322295e+03   4.1534898e+01   0.0000000e+00
   2.9460252e+03   2.1795410e+01   0.0000000e+00
   2.9634441e+03   2.1051920e+01   4.0322581e-03
   2.9862402e+03   5.5344161e+01   0.0000000e+00
   2.9862402e+03   8.1678426e+01   4.0322581e-03
   2.9924914e+03   2.1135761e+01   4.0322581e-03
   3.0070773e+03   4.1628745e+01   0.0000000e+00
   3.0381692e+03   2.9853587e+01   0.0000000e+00
   3.0583639e+03   2.2500265e+01   0.0000000e+00
   3.0680106e+03   8.0826770e+01   0.0000000e+00
   3.1007419e+03   8.1509155e+01   0.0000000e+00
   3.1281783e+03   4.0301756e+01   0.0000000e+00
   3.1819415e+03   8.9403785e+01   0.0000000e+00
   3.1856827e+03   6.9353227e+01   4.0322581e-03
   3.2595837e+03   5.5841107e+01   0.0000000e+00
   3.2607888e+03   5.3597634e+01   0.0000000e+00
   3.4127525e+03   9.9687200e+01   0.0000000e+00
   3.4346762e+03   4.0228505e+01   4.0322581e-03
   3.4483794e+03   4.0154522e+01   0.0000000e+00
   3.4795992e+03   2.9420274e+01   0.0000000e+00
   3.5264547e+03   8.1739932e+01   0.0000000e+00
   3.5451248e+03   9.0483872e+01   0.0000000e+00
   3.5474422e+03   4.0426147e+01   0.0000000e+00
   3.5625627e+03   2.0909531e+01   0.0000000e+00
   3.5756048e+03   2.2147553e+01   4.0322581e-03
   3.5864124e+03   2.1688293e+01   0.0000000e+00
   3.6244897e+03   8.9228400e+01   4.0322581e-03
   3.6710020e+03   4.1331096e+01   4.0322581e-03
   3.6735440e+03   2.7778657e+01   0.0000000e+00
   3.7134788e+03   2.2399670e+01   0.0000000e+00
   3.7173450e+03   8.9864974e+01   4.0322581e-03
   3.7802005e+03   2.1836610e+01   4.0322581e-03
   3.8064382e+03   4.0505820e+01   0.0000000e+00
   3.8669942e+03   4.0423250e+01   0.0000000e+00
   3.9186901e+03   2.1809706e+01   0.0000000e+00
   4.0562395e+03   1.0183957e+02   4.0322581e-03
   4.0608425e+03   2.1034594e+01   0.0000000e+00
   4.0732859e+03   4.0271563e+01   4.0322581e-03
   4.1626335e+03   2.2397059e+01   4.0322581e-03
   4.3887330e+03   1.1415431e+02   0.0000000e+00
   4.4651752e+03   2.1312222e+01   4.0322581e-03
   4.5364463e+03   2.3261369e+01   4.0322581e-03
   4.5815374e+03   6.3440632e+01   4.0322581e-03
   4.6029141e+03   2.1835667e+01   4.0322581e-03
   4.6789874e+03   4.1212147e+01   4.0322581e-03
   4.7582367e+03   8.2279669e+01   4.0322581e-03
   4.8061424e+03   4.0997318e+01   0.0000000e+00
   4.8360506e+03   8.4009603e+01   0.0000000e+00
   4.9094615e+03   4.0407404e+01   0.0000000e+00
   4.9124758e+03   8.9015930e+01   4.0322581e-03
   4.9734976e+03   2.1025150e+01   0.0000000e+00
   5.1281108e+03   2.0064104e+01   0.0000000e+00
   5.2437684e+03   2.2005263e+01   4.0322581e-03
   5.2589025e+03   8.4828687e+01   4.0322581e-03
   5.3033262e+03   4.0535484e+01   0.0000000e+00
   5.3640812e+03   1.2088188e+02   0.0000000e+00
   5.4695264e+03   1.2025029e+02   4.0322581e-03
   5.5395760e+03   1.0793695e+02   4.0322581e-03
   5.5431980e+03   2.1900265e+01   0.0000000e+00
   5.7360626e+03   1.0277171e+02   0.0000000e+00
   5.8642137e+03   5.5763094e+01   4.0322581e-03
   5.8854058e+03   4.1163776e+01   0.0000000e+00
   5.8948660e+03   9.7928989e+01   0.0000000e+00
   5.9031935e+03   7.9958283e+01   4.0322581e-03
   6.1162439e+03   2.1438770e+01   4.0322581e-03
   6.3891677e+03   2.1173039e+01   4.0322581e-03
   6.4882367e+03   1.0220234e+02   4.0322581e-03
   6.5760526e+03   5.6278385e+01   4.0322581e-03
   7.0636429e+03   1.1377755e+02   0.0000000e+00
   7.6023401e+03   1.9572197e+01   4.0322581e-03
   7.9521167e+03   4.1490529e+01   4.0322581e-03
   8.0409853e+03   2.1936083e+01   0.0000000e+00
   8.0810053e+03   4.1431719e+01   0.0000000e+00
   8.1481279e+03   4.1333946e+01   0.0000000e+00
   8.4798722e+03   4.0460938e+01   4.0322581e-03
   8.5645681e+03   8.7534754e+01   0.0000000e+00
   8.7505557e+03   4.0432144e+01   0.0000000e+00
   9.6794125e+03   3.9363261e+01   0.0000000e+00
   9.7853149e+03   1.1200529e+02   4.0322581e-03
   9.8062309e+03   2.7647509e+01   4.0322581e-03
   1.0417983e+04   5.4910336e+01   0.0000000e+00
   1.0570194e+04   8.7802873e+01   0.0000000e+00
   1.0903985e+04   4.0392516e+01   4.0322581e-03
   1.0968542e+04   4.0711933e+01   0.0000000e+00
   1.1208038e+04   4.1430109e+01   0.0000000e+00
   1.1511691e+04   1.0902532e+02   4.0322581e-03
   1.2575906e+04   8.4897972e+01   4.0322581e-03
   1.4730803e+04   5.7365708e+00   4.0322581e-03
   1.5230556e+04   7.3927996e+01   4.0322581e-03
   1.6181537e+04   1.0432555e+02   0.0000000e+00
   1.6291842e+04   5.2785822e+01   4.0322581e-03
   1.8263107e+04   1.1181898e+02   4.0322581e-03
   2.1020660e+04   4.1388624e+01   0.0000000e+00
   2.6029575e+04   5.5204697e+01   4.0322581e-03
   2.7852116e+04   1.1094182e+02   0.0000000e+00
   3.8214393e+04   5.1323883e+01   0.0000000e+00
